Model: SVC(C=10, gamma=0.001)


Training
-------------

fit_time: [74.48771787 67.49845314 70.67872715 65.88413262 60.38074064]

score_time: [19.20935202 22.63101983 18.87886024 17.83679104 16.21944094]

test_accuracy: [0.89090909 0.86060606 0.80909091 0.82727273 0.84194529]

train_accuracy: [1. 1. 1. 1. 1.]

test_recall_micro: [0.89090909 0.86060606 0.80909091 0.82727273 0.84194529]

train_recall_micro: [1. 1. 1. 1. 1.]

test_precision_micro: [0.89090909 0.86060606 0.80909091 0.82727273 0.84194529]

train_precision_micro: [1. 1. 1. 1. 1.]

test_f1_micro: [0.89090909 0.86060606 0.80909091 0.82727273 0.84194529]

train_f1_micro: [1. 1. 1. 1. 1.]



Testing
-------------

model#1
accuracy: 0.8547215496368039
recall: 0.8547215496368039
precision: 0.8547215496368039
fscore: 0.8547215496368039

model#2
accuracy: 0.837772397094431
recall: 0.837772397094431
precision: 0.837772397094431
fscore: 0.837772397094431

model#3
accuracy: 0.8547215496368039
recall: 0.8547215496368039
precision: 0.8547215496368039
fscore: 0.8547215496368039

model#4
accuracy: 0.837772397094431
recall: 0.837772397094431
precision: 0.837772397094431
fscore: 0.837772397094431

model#5
accuracy: 0.8547215496368039
recall: 0.8547215496368039
precision: 0.8547215496368039
fscore: 0.8547215496368039

