SVC(C=10, gamma=0.001)

accuracy = 0.8789346246973365
recall = 0.8789346246973365
precision = 0.8789346246973365
fscore = 0.8789346246973365
